Area,Cases,Population,Coordinates
Leicester,5028,1416,52.6361398 -1.1330789
Wrexham,1336,983,53.0465068 -2.9938137
Blackburn with Darwen,1458,979,53.699176949999995 -2.4709000953138327
Merthyr Tydfil,580,961,51.7490624 -3.3786183
Bradford,5156,960,53.7944229 -1.7519186
Oldham,2179,925,35.3907651 -102.6193428
Rochdale,1897,862,53.6153659 -2.1557561
Denbighshire,801,837,53.1097895 -3.367128402684635
Barnsley,1998,815,53.5527719 -1.4827755
Bedford,1362,794,40.0271453 -78.5237447
Rhondda Cynon Taf,1877,778,51.66516365 -3.4577557723845347
Rotherham,2045,773,53.4310417 -1.355187
Blackpool,1049,753,53.8182212 -3.0564845
Luton,1586,741,51.8784385 -0.4152837
Sheffield,4313,740,53.3806626 -1.4702278
Peterborough,1471,732,52.5725769 -0.2427336
Tameside,1643,730,53.4786454 -2.0770211633705165
Bury,1359,715,49.3132772 2.3439338
Bolton,2010,704,53.5782863 -2.4300367
Middlesbrough,976,694,54.5760419 -1.2344047
Knowsley,1018,681,53.4552358 -2.8546852
St. Helens,1213,674,53.4535471 -2.7343231
Wigan,2191,672,53.5457188 -2.6264624
Hartlepool,617,662,54.6857276 -1.2093696
Isle of Anglesey,460,657,53.27816025 -4.347871127822403
Doncaster,2033,655,53.5227681 -1.1335312
Sunderland,1790,645,54.9058512 -1.3828727
Dundee City,960,643,56.473845999999995 -2.96641895351409
Wirral,2075,642,53.3409714 -3.0500916
Warrington,1345,642,53.3899497 -2.5943178
Gateshead,1297,641,54.9625789 -1.6019294
County Durham,3364,638,54.68483225 -1.774017169596316
South Tyneside,956,636,54.969874250000004 -1.4476805465645368
Cardiff,2322,633,51.4816546 -3.1791934
Conwy,721,615,53.1460931 -3.759920155777771
Trafford,1450,613,53.41893605 -2.359297161165271
Manchester,3354,613,53.4794892 -2.2451148
Stockport,1782,611,53.407901 -2.160243
"Kingston upon Hull, City of",1576,605,53.7435722 -0.3394758
Cheshire West and Chester,2051,602,53.16379785 -2.7285361135416943
Lancashire,7191,594,53.8611703 -2.5650887919475496
Cheshire East,2258,593,53.1673422 -2.2928802778613573
Vale of Glamorgan,788,590,51.4470646 -3.395207949001259
Salford,1492,587,53.4877463 -2.2891921
Stoke-on-Trent,1498,586,53.0162014 -2.1812607
Sandwell,1888,577,52.5151278 -2.013562373718973
Midlothian,531,574,55.833333 -3.083333
Cumbria,2861,574,54.6143136 -2.9420983340597866
Darlington,610,572,54.5242081 -1.5555812
Newport,884,572,41.4899827 -71.3137707
Sefton,1573,571,53.5034122 -2.9714708
Kirklees,2476,564,53.64226345 -1.7809432689150708
Wolverhampton,1478,564,52.5847651 -2.127567
Halton,705,549,53.35385255 -2.7427828785393507
Walsall,1555,549,52.5847949 -1.9822687
Brent,1810,547,32.9373463 -87.1647184
Wakefield,1873,543,53.6829541 -1.4967286
Swansea,1328,538,51.6195955 -3.9459248
Blaenau Gwent,375,537,51.75338175 -3.184855509462492
Harrow,1328,531,51.5967688 -0.33727515543507014
Kent,8196,523,51.2474823 0.7105077
Liverpool,2585,522,53.407154 -2.991665
Redcar and Cleveland,711,520,54.5679056 -1.0054963165760897
Newcastle upon Tyne,1555,518,54.9738474 -1.6131572
Derby,1332,518,52.9212617 -1.4761491
Sutton,1036,507,30.5672947 -100.6432359
Stockton-on-Tees,984,499,54.564094 -1.3129164
Northumberland,1592,497,55.25 -2.000559
Leeds,3895,494,53.7974185 -1.5437941
Reading,803,492,51.456659 -0.9696512
Croydon,1890,491,51.3713049 -0.101957
East Riding of Yorkshire,1656,488,53.873596500000005 -0.5347787525091569
Leicestershire,3342,479,52.666667 -1.0
Northamptonshire,3576,478,52.25 -0.833333
Flintshire,745,477,53.216509599999995 -3.1402189049730413
Gwynedd,594,477,52.9089585 -3.8335244282124785
East Dunbartonshire,517,476,55.933333 -4.2
Ealing,1622,474,51.5126553 -0.3051952
Oxfordshire,3256,474,51.833333 -1.25
West Dunbartonshire,421,473,55.966667 -4.533333
Southwark,1493,471,51.5029222 -0.103458
Neath Port Talbot,673,470,51.66895565 -3.72181789580636
Merton,963,467,51.410802849999996 -0.18809850595572736
Bromley,1540,465,51.4028046 0.0148142
Birmingham,5308,465,52.4796992 -1.9026911
"Herefordshire, County of",886,461,52.083333 -2.75
Warwickshire,2601,456,52.32130635 -1.5467857874161073
Slough,675,453,51.5111014 -0.5940682
Shropshire,1446,452,52.65233935 -2.7958678599236624
Central Bedfordshire,1280,451,51.99803275 -0.47915142854055964
North Tyneside,928,451,55.02979945 -1.5082559996141889
Inverclyde,350,450,55.9 -4.75
Bexley,1108,448,39.9692378 -82.936864
Staffordshire,3867,442,52.824694199999996 -2.0074546723348115
York,926,441,53.9590555 -1.0815361
Solihull,936,436,52.4130189 -1.7768935
Lambeth,1418,435,51.5013012 -0.117287
Derbyshire,3446,433,53.1185033 -1.5566179305872212
Carmarthenshire,813,431,51.893669849999995 -4.217282721429928
Barnet,1685,430,51.65309 -0.2002261
Kingston upon Thames,753,429,51.4096275 -0.3062621
North Lincolnshire,737,429,53.589744100000004 -0.6023230295256561
North Somerset,914,427,51.39663045 -2.769128923864108
Hammersmith and Fulham,791,427,51.4920377 -0.2236401
Calderdale,892,425,53.720474800000005 -1.9622886329676708
North Yorkshire,2582,420,54.13453275 -1.498628491239545
Belfast,1432,420,54.5964411 -5.9302761
Dudley,1340,418,52.5110832 -2.0816813
Swindon,926,417,51.5613683 -1.7856853
Hounslow,1125,416,51.4686132 -0.3613471
Lewisham,1249,412,51.4624325 -0.0101331
Caerphilly,744,411,51.6723809 -3.178393772876317
Worcestershire,2429,410,52.2109495 -2.156955513242221
South Lanarkshire,1313,410,55.583333 -3.833333
Monmouthshire,384,406,51.7501058 -2.8333331
Surrey,4733,398,51.2715316 -0.3414523511290909
Medway,1101,396,51.4157386 0.5687308512408333
Falkirk,635,395,56.00205085 -3.749622841384784
Coventry,1445,394,52.4081812 -1.510477
North Lanarkshire,1341,393,55.88305065 -3.946155104761104
Angus,456,392,43.2928267 -0.8130459
Southend-on-Sea,711,390,51.54063195 0.7161146725194144
Bridgend,573,390,51.5049843 -3.5756674
Glasgow City,2460,389,55.85551155 -4.226230657258229
Havering,1001,388,51.0043613 -2.337474942629507
Redbridge,1176,387,51.5763203 0.0454097
Essex,5697,386,51.77046785 0.46466977412300386
Torfaen,362,385,51.701480000000004 -3.052050335411309
Waltham Forest,1057,382,42.3756401 -71.2358004
Southampton,964,381,50.9025349 -1.404189
Newham,1341,381,51.52999955 0.02931796029382208
Hillingdon,1157,380,51.542519299999995 -0.44833493117949663
East Renfrewshire,361,378,55.749479300000004 -4.36065924945091
Kensington and Chelsea,589,377,51.4875417 -0.1682205
Clackmannanshire,194,376,56.166395 -3.7513968
Nottinghamshire,3097,376,53.166667 -1.0
Renfrewshire,671,375,55.833333 -4.5
Wandsworth,1221,374,51.4570271 -0.1932607
Hampshire,5123,372,51.04483545 -1.2434093603442158
Nottingham,1230,372,52.9534193 -1.1496461
Enfield,1230,368,51.6520851 -0.0810175
Hertfordshire,4314,364,51.840052299999996 -0.09785519224523963
Lisburn and Castlereagh,526,362,54.5117403 -6.0348084785036065
Aberdeen City,828,362,57.1482429 -2.0928095
Wokingham,608,362,51.4570846 -0.8865370303212372
Barking and Dagenham,765,361,51.5541171 0.15050434261994267
East Ayrshire,436,357,55.5 -4.25
Telford and Wrekin,634,357,52.72144515 -2.500862391509079
Cambridgeshire,2318,356,52.333333 0.083333
Suffolk,2693,355,52.241001350000005 1.0466830312565236
Hackney and City of London,980,350,51.5432402 -0.0493621
Greenwich,995,348,51.4820845 -0.0045417
South Ayrshire,391,347,55.299818 -4.645988367016132
Thurrock,585,339,51.5080169 0.3962817395437666
City of Edinburgh,1767,337,55.9117426 -3.2770970170217173
Lincolnshire,2532,335,53.1823034 -0.2031208542548153
Milton Keynes,880,328,52.0429797 -0.7589607
West Sussex,2806,327,50.94458445 -0.5278477012862655
Buckinghamshire,1759,326,51.7834994 -0.8946440535649794
Antrim and Newtownabbey,463,325,54.6778816 -5.9249199
Westminster,826,324,51.5004439 -0.1265398
Norfolk,2907,322,52.666667 1.0
Bracknell Forest,391,321,51.4002688 -0.7417888011413043
West Berkshire,498,314,51.44631345 -1.2758819554702914
Mid and East Antrim,426,307,54.9727341 -6.1320404
Isle of Wight,423,299,50.6710482 -1.3327111133199459
Scottish Borders,345,299,55.583333 -2.833333
Haringey,807,298,51.587929849999995 -0.10541010599099046
Gloucestershire,1882,297,51.7643786 -2.1880661838719386
North Ayrshire,399,296,55.72785075 -4.727176716786229
East Sussex,1627,293,50.9404266 0.3699977891068864
"Bristol, City of",1346,291,51.4538022 -2.5972985
Ards and North Down,456,283,54.5985861 -5.612510598605282
Richmond upon Thames,556,282,51.44037225 -0.3057195504470487
Mid Ulster,415,281,41.702848450000005 -73.94562255000005
Brighton and Hove,815,281,50.845221249999994 -0.14975850541139246
Windsor and Maidenhead,422,280,51.4803412 -0.6769505204283354
Tower Hamlets,885,279,51.1288633 1.2986686
Camden,723,276,39.9448402 -75.1198911
West Lothian,500,273,55.916667 -3.5
South Gloucestershire,762,270,51.54919165 -2.4809528173453836
Powys,355,268,52.32714995 -3.3553352394722493
Wiltshire,1309,263,51.324162 -1.9032486699002247
Plymouth,678,258,50.3712659 -4.1425658
East Lothian,270,252,55.916667 -2.75
Rutland,100,252,52.6423036 -0.6632643077026672
Fife,928,248,56.3333331 -3.0000001
Islington,586,245,51.5384287 -0.0999051
Stirling,225,239,56.1181242 -3.9360012
Portsmouth,513,239,50.8036831 -1.075614
Pembrokeshire,300,238,51.8339209 -4.916667
Shetland Islands,54,236,60.333333 -1.333333
Somerset,1313,235,51.161750850000004 -3.0753867062227487
"Newry, Mourne and Down",420,233,54.0690364 -6.0401434
Perth and Kinross,338,222,56.5 -3.75
Causeway Coast and Glens,320,222,55.130595400000004 -6.327745858099967
"Bournemouth, Christchurch and Poole",834,211,50.744673199999994 -1.8579577396350433
Torbay,283,208,50.446247 -3.539499814193785
Argyll and Bute,159,185,56.4603494 -5.8618419478791015
Dumfries and Galloway,274,184,55.083333 -3.833333
Bath and North East Somerset,353,184,51.35632375 -2.486661424502094
Aberdeenshire,477,183,57.166667 -2.666667
Dorset,619,164,50.79683685 -2.34473226124306
Cornwall and Isles of Scilly,930,164,49.87163645 -6.4034597229910695
Devon,1248,157,50.724165 -3.660795843955193
Fermanagh and Omagh,182,156,54.4413243 -7.7567616226758105
Derry City and Strabane,231,153,54.826115 -7.4627993
North East Lincolnshire,218,136,53.53680335 -0.09368101348534888
Ceredigion,68,94,52.2945764 -3.9527809990291427
Moray,86,90,57.416667 -3.25
Highland,209,89,57.5066357 -5.0038367
Orkney Islands,9,40,59.01329755 -3.2312402933283337